1.000000000000000000e+00 2.420764090162732085e+00 1.925729863337174441e+00
1.000000000000000000e+00 9.540436502587761325e-01 2.411844062943080846e+00
1.000000000000000000e+00 2.192708572396876665e+00 2.151475566663755057e+00
1.000000000000000000e+00 1.701478272036101025e+00 2.957795860803715371e+00
1.000000000000000000e+00 1.951053350617852677e+00 1.029474725190996365e+00
1.000000000000000000e+00 2.666013360613930239e+00 1.967900859207173170e+00
1.000000000000000000e+00 1.198765195764477598e+00 3.553618051749708684e+00
1.000000000000000000e+00 1.196875060618384001e+00 2.917559487646968819e+00
1.000000000000000000e+00 1.261858449468828969e+00 2.470747638222771325e+00
1.000000000000000000e+00 3.385738821962482437e+00 1.583243127065728784e+00
1.000000000000000000e+00 1.256058522762819596e+00 2.516383677942268360e+00
1.000000000000000000e+00 3.053374267071951476e+00 1.596255696852597161e+00
1.000000000000000000e+00 2.219011014306228713e+00 1.955578138032283864e+00
1.000000000000000000e+00 2.101070665374407120e+00 2.996171484030055954e+00
1.000000000000000000e+00 1.531708887940559816e+00 2.935902867961060370e+00
1.000000000000000000e+00 3.471099593598387933e+00 2.509367230761802681e+00
1.000000000000000000e+00 3.351993584742077203e+00 3.026554277252675895e+00
1.000000000000000000e+00 3.268542615523493566e+00 1.557735587220108187e-01
1.000000000000000000e+00 2.663612301744704425e+00 1.495755561489301888e+00
1.000000000000000000e+00 3.540539727587264540e+00 2.052095818642047487e+00
1.000000000000000000e+00 2.950742531420757153e+00 2.710962357149567570e+00
1.000000000000000000e+00 1.318757055591214478e+00 2.049038891371286031e+00
1.000000000000000000e+00 1.229396147948415008e+00 1.094167211646066784e+00
1.000000000000000000e+00 1.687011497145262329e+00 8.007279619274574323e-01
1.000000000000000000e+00 2.769515530972484818e+00 9.977161192654830923e-01
1.000000000000000000e+00 3.984072446168840820e+00 2.380314067752617113e+00
1.000000000000000000e+00 2.095364086623439093e+00 2.519258340793403939e+00
1.000000000000000000e+00 3.186440394867853687e+00 9.658715457510487212e-01
1.000000000000000000e+00 1.960076790517262690e+00 1.742864275682116659e+00
1.000000000000000000e+00 1.316767173637102939e+00 1.125991468536452267e+00
1.000000000000000000e+00 1.234045447462606138e-01 1.815981500810501803e+00
1.000000000000000000e+00 2.029082226596183869e+00 2.626879353971393272e+00
1.000000000000000000e+00 1.379713117074046203e-01 1.778296813318947178e+00
1.000000000000000000e+00 3.295469474419491007e+00 3.529440625923728092e+00
1.000000000000000000e+00 1.607215369374514147e+00 2.384192411943170775e+00
1.000000000000000000e+00 2.809047327170569819e+00 9.972551914859781874e-01
1.000000000000000000e+00 3.752700150951556957e+00 1.918830885612354376e+00
1.000000000000000000e+00 8.289418739537612879e-01 4.824667066304941798e-01
1.000000000000000000e+00 3.053664912098600581e+00 2.058508818797817774e+00
1.000000000000000000e+00 2.294532994757152000e+00 3.509394910930834222e+00
1.000000000000000000e+00 2.076365466357717793e+00 2.044880621396937048e+00
1.000000000000000000e+00 2.188717691624769035e+00 2.067495742977752293e+00
1.000000000000000000e+00 9.812182568504623781e-01 1.493547874686014687e+00
1.000000000000000000e+00 1.669449350275452604e+00 3.295244044100453351e+00
1.000000000000000000e+00 2.428649841436092860e+00 1.546638578906947004e+00
1.000000000000000000e+00 1.115456165557557444e+00 3.254997880859060722e+00
1.000000000000000000e+00 3.212909297856001878e+00 2.071318235073758007e-01
1.000000000000000000e+00 1.688589527663018508e+00 9.660973602900571056e-01
1.000000000000000000e+00 1.747001899957067339e+00 1.469020920073663916e+00
1.000000000000000000e+00 2.073790100501155642e+00 1.930468300817158589e+00
1.000000000000000000e+00 3.384289978698215240e+00 2.328277525961407690e+00
1.000000000000000000e+00 2.748763203770388852e+00 3.145738318021752633e+00
1.000000000000000000e+00 2.074062598799937263e+00 2.529421274518923290e+00
1.000000000000000000e+00 3.668874558058992097e-01 4.771973404218369907e+00
1.000000000000000000e+00 2.032995487512439858e+00 1.381971416112026230e+00
1.000000000000000000e+00 3.772893248673017119e-01 3.083701884975585283e+00
1.000000000000000000e+00 3.295936295007371619e+00 2.557580783511175238e+00
1.000000000000000000e+00 2.106137939693344840e+00 2.521593268664686693e+00
1.000000000000000000e+00 7.139744908936351830e-01 4.487051098919806691e+00
1.000000000000000000e+00 1.730713485172971300e+00 2.846714720976911028e+00
1.000000000000000000e+00 1.355633873371901554e+00 1.410572704192343263e-01
1.000000000000000000e+00 8.437881811198890691e-01 1.728904882986669334e+00
1.000000000000000000e+00 2.521115043618598950e+00 4.211266309089924498e+00
1.000000000000000000e+00 2.594673986279736777e+00 3.105321705874345639e+00
1.000000000000000000e+00 1.142657098828711915e+00 1.103590874601512617e+00
1.000000000000000000e+00 2.367878600026614322e+00 -2.317171238524196042e-01
1.000000000000000000e+00 2.111861895049812698e+00 1.939700051019914939e+00
1.000000000000000000e+00 1.020181992216876665e+00 4.623046699976451901e-01
1.000000000000000000e+00 4.322285141146567256e+00 -2.161221988987431786e-01
1.000000000000000000e+00 2.162342618837687080e+00 1.614756258106337494e+00
1.000000000000000000e+00 9.379377112874245359e-01 1.323333733935033507e+00
1.000000000000000000e+00 2.352321569736516071e+00 4.341987079001079053e+00
1.000000000000000000e+00 2.793827467590716651e+00 1.794788393472846799e+00
1.000000000000000000e+00 2.782915824444962549e+00 1.911075036025699614e+00
1.000000000000000000e+00 2.639672922405642552e+00 1.168301142960120442e+00
1.000000000000000000e+00 1.432639842751199932e+00 2.083447924780198246e+00
1.000000000000000000e+00 2.133343157243895227e+00 1.430110014757911330e+00
1.000000000000000000e+00 2.096069163045400252e+00 3.111632324962882556e+00
1.000000000000000000e+00 2.588249416459681207e+00 1.413153925648833020e+00
1.000000000000000000e+00 1.883791759386137299e+00 1.884295427356537767e+00
1.000000000000000000e+00 1.088169198947936955e+00 2.068621594186752066e+00
1.000000000000000000e+00 3.827994039291027661e+00 -3.482379366856678260e-01
1.000000000000000000e+00 3.668970653586185904e+00 3.108356918243510236e+00
1.000000000000000000e+00 2.333554006385086588e+00 1.807223568057908958e+00
1.000000000000000000e+00 -4.585195872087499680e-02 1.871861552060310574e+00
1.000000000000000000e+00 2.601531339095069395e+00 -1.513022994510948571e-01
1.000000000000000000e+00 2.209398761293781099e+00 2.227034066285250358e+00
1.000000000000000000e+00 3.984271658810250472e+00 2.310646733006554321e+00
1.000000000000000000e+00 1.220797869014908610e+00 9.774325645012988950e-01
1.000000000000000000e+00 1.853918785791272450e+00 1.471921974176468639e+00
1.000000000000000000e+00 2.121038392272651230e+00 1.922829777759512915e+00
1.000000000000000000e+00 1.194797066364906346e+00 3.135521112591493242e+00
1.000000000000000000e+00 2.079752695982505450e+00 1.345530280498096642e+00
1.000000000000000000e+00 2.106919293165155693e+00 2.774706445768543528e+00
1.000000000000000000e+00 1.333400227086063872e+00 5.061935923012745864e-01
1.000000000000000000e+00 2.394884920407633455e+00 2.830439799551223601e+00
1.000000000000000000e+00 3.033582575972883166e+00 1.336860023112063089e+00
1.000000000000000000e+00 4.170626028454571532e-01 4.187851347538140701e+00
1.000000000000000000e+00 2.122685725522814426e+00 3.200563570472199526e+00
1.000000000000000000e+00 9.084284133900621949e-01 2.645833488375569864e+00
1.000000000000000000e+00 2.652109601065057110e+00 1.733647049010314856e+00
1.000000000000000000e+00 1.551779184110004817e+00 8.882832722724953722e-01
1.000000000000000000e+00 1.240902000304661801e+00 2.171667730283758591e+00
1.000000000000000000e+00 2.153683929515879392e+00 1.036218514590162121e+00
1.000000000000000000e+00 1.183397114572311004e+00 1.116915271201549542e+00
1.000000000000000000e+00 2.533003981322468068e+00 7.640831804483256828e-01
1.000000000000000000e+00 3.544717692372692852e+00 8.773961841958566321e-01
1.000000000000000000e+00 3.223927342554175901e+00 2.819491019329755765e+00
1.000000000000000000e+00 2.105236111017894540e+00 2.305059910271702428e+00
1.000000000000000000e+00 1.568580335193620723e+00 2.192065120931104172e+00
1.000000000000000000e+00 1.890568447736777458e+00 1.882594678909258024e+00
1.000000000000000000e+00 3.411323109871625014e+00 2.172160525050570445e+00
1.000000000000000000e+00 1.958438054896893599e+00 1.878851595162491561e+00
1.000000000000000000e+00 2.034780389675521661e+00 7.704564393176469572e-01
1.000000000000000000e+00 2.258205273009505909e+00 1.197379143286508185e+00
1.000000000000000000e+00 2.243598803999305780e+00 2.096788636385928051e+00
1.000000000000000000e+00 3.173009776864524234e+00 9.868401736086329645e-01
1.000000000000000000e+00 1.228796636386252583e+00 1.232467781819321928e-01
1.000000000000000000e+00 2.490362786935421902e+00 1.091256979629059209e+00
1.000000000000000000e+00 2.808612780172038192e+00 1.167012532911969380e+00
1.000000000000000000e+00 1.990397290633401095e+00 1.159736048628403182e+00
1.000000000000000000e+00 9.525724502762256130e-01 2.523349794348395569e+00
1.000000000000000000e+00 9.682700554736825005e-01 2.170825651586313576e+00
1.000000000000000000e+00 8.620731523788760509e-01 1.494401187129936526e+00
1.000000000000000000e+00 3.072521835326283313e+00 4.592507193790413833e-01
1.000000000000000000e+00 3.040596476506671308e+00 3.911498266373754973e+00
1.000000000000000000e+00 2.517808434089038094e+00 1.764931002944801319e+00
1.000000000000000000e+00 3.921577861781969432e+00 1.074426716077951927e+00
1.000000000000000000e+00 1.312210362731832003e+00 3.044589661502700828e+00
1.000000000000000000e+00 2.088414655426435118e+00 3.160335701079638682e+00
1.000000000000000000e+00 2.909145097751657971e+00 1.373683734445291460e+00
1.000000000000000000e+00 2.765388897886125630e+00 1.054692353820579687e+00
1.000000000000000000e+00 2.942658121350322453e+00 1.051663636290488757e+00
1.000000000000000000e+00 7.336072882205264545e-01 2.757134463158724902e+00
1.000000000000000000e+00 1.676297273986263381e+00 7.826864366898298453e-01
1.000000000000000000e+00 1.824721681564126285e+00 1.950052180828162562e+00
1.000000000000000000e+00 2.144677455776290653e+00 2.014199664323093053e+00
1.000000000000000000e+00 2.902881539881832396e+00 1.814487503574594873e+00
1.000000000000000000e+00 8.058098104691422403e-01 2.021183187141287974e+00
1.000000000000000000e+00 1.634668750487043631e+00 2.392677560305465523e+00
1.000000000000000000e+00 3.052931876295981173e-01 5.053802347623292945e-01
1.000000000000000000e+00 1.987832376657998612e+00 2.153568143352062147e+00
1.000000000000000000e+00 2.730279128255881815e+00 -5.907931276003219878e-02
1.000000000000000000e+00 1.694206833768019171e+00 2.294889861100402939e+00
1.000000000000000000e+00 2.555294489249555934e+00 2.863581113373506515e+00
1.000000000000000000e+00 3.561123482523787409e+00 3.911847251470447429e+00
1.000000000000000000e+00 2.635874466556290319e+00 1.915430388354582458e+00
1.000000000000000000e+00 2.548056913872990492e+00 3.168808063710552236e+00
1.000000000000000000e+00 3.129294728122899549e+00 1.479553711481761624e+00
1.000000000000000000e+00 1.611321313150560819e+00 2.119110914750991004e+00
1.000000000000000000e+00 2.332888970797648565e+00 1.656213083263653241e+00
1.000000000000000000e+00 1.173124410645459914e+00 3.365918576870584822e+00
1.000000000000000000e+00 2.734707431949263245e+00 1.144916627742307735e+00
1.000000000000000000e+00 2.764429361156752307e+00 2.169707734606956429e+00
1.000000000000000000e+00 1.641463684627084696e-01 2.666865864931219576e+00
1.000000000000000000e+00 2.626260926486209346e+00 2.473213586599762426e+00
1.000000000000000000e+00 1.824647083180042095e+00 2.368119963822589380e+00
1.000000000000000000e+00 2.963576442110819276e+00 3.332598891899970717e+00
1.000000000000000000e+00 2.910543707990583151e+00 8.261193764210750246e-01
1.000000000000000000e+00 1.951295523041737923e+00 2.000669558067159404e+00
1.000000000000000000e+00 2.324825388783956281e+00 2.246621494700747679e+00
1.000000000000000000e+00 1.271006938321659341e+00 1.483141648629333842e+00
1.000000000000000000e+00 2.119452583446346239e+00 2.711114218794154596e+00
1.000000000000000000e+00 4.348294052425263345e-01 1.707629626339589368e+00
1.000000000000000000e+00 1.921326662510137950e+00 2.618473778545847175e+00
1.000000000000000000e+00 1.175107702738369397e+00 1.532236541398228402e+00
1.000000000000000000e+00 1.820205296817612783e+00 2.150932079879564363e+00
1.000000000000000000e+00 2.647524742434699707e+00 7.947240240779573917e-01
1.000000000000000000e+00 1.779058058533773856e+00 1.748051523922450778e+00
1.000000000000000000e+00 1.825521468211703358e+00 1.906598880195364831e+00
1.000000000000000000e+00 1.705795769282687280e+00 2.793485482235754436e+00
1.000000000000000000e+00 1.841542613870787548e+00 2.903485351880232823e+00
1.000000000000000000e+00 1.002512651925297593e+00 7.583771284308640226e-01
1.000000000000000000e+00 1.053198884835065297e+00 2.794580732327950567e+00
1.000000000000000000e+00 2.935763244610527956e+00 1.360782717303866907e+00
1.000000000000000000e+00 2.253312509638990324e+00 3.369737042330437582e+00
1.000000000000000000e+00 1.506306762866315152e+00 -4.355501958908143401e-01
1.000000000000000000e+00 5.148743669485584817e+00 1.039863230208090128e+00
1.000000000000000000e+00 3.931098536328937687e+00 2.200384613040618831e+00
1.000000000000000000e+00 3.337131642000973564e+00 6.972715295579945405e-01
1.000000000000000000e+00 4.860520509536543354e-01 2.151844789720753326e+00
1.000000000000000000e+00 2.970182313688025211e+00 9.943326663170257707e-01
1.000000000000000000e+00 2.491605447653518990e+00 1.153764177531472868e+00
1.000000000000000000e+00 1.071145869163031783e+00 6.877072045456364968e-01
1.000000000000000000e+00 2.150909231870722582e+00 2.204336639465561021e+00
1.000000000000000000e+00 1.091548395259591686e+00 1.964662679372372933e+00
1.000000000000000000e+00 2.404386178017414277e+00 2.111668783272431238e-01
1.000000000000000000e+00 3.014499479841358465e+00 8.666744692395176308e-01
1.000000000000000000e+00 2.250742572994601343e+00 1.342706123616106417e+00
1.000000000000000000e+00 1.572212514928654548e+00 7.818118479400522070e-01
1.000000000000000000e+00 2.599216062470758537e+00 -6.309288548601950097e-01
1.000000000000000000e+00 2.882994811320339856e+00 1.411875984791851391e+00
1.000000000000000000e+00 5.167613231414944774e-01 1.633649177751711257e+00
1.000000000000000000e+00 1.458469893371801218e+00 1.343889363014610039e+00
1.000000000000000000e+00 1.457869538853663993e+00 1.253725102339864783e+00
1.000000000000000000e+00 2.299922882105487787e+00 1.565758399096339959e+00
1.000000000000000000e+00 2.440901351267211083e+00 7.305464048695531343e-01
1.000000000000000000e+00 2.015470899457070253e+00 4.863593243707178715e+00
1.000000000000000000e+00 2.210790950043793668e+00 2.805854538674565468e+00
1.000000000000000000e+00 2.260613282662539802e+00 2.945699824846629511e+00
1.000000000000000000e+00 2.380518132756886285e+00 1.001021977727785339e+00
1.000000000000000000e+00 5.560349166899225537e-01 2.519240179952016323e+00
1.000000000000000000e+00 3.507141723295991831e+00 7.992082772099551313e-01
1.000000000000000000e+00 3.343557849207535071e+00 1.576623248749621009e+00
1.000000000000000000e+00 1.092530494659743168e+00 3.366291597496831045e+00
1.000000000000000000e+00 1.516759511642900460e+00 2.072552622089989693e+00
1.000000000000000000e+00 2.352231347543946249e+00 2.298723534371852395e+00
1.000000000000000000e+00 4.567283893636918890e+00 1.154776710822650543e+00
1.000000000000000000e+00 2.426923090895285906e+00 3.317418328125683047e+00
1.000000000000000000e+00 1.582806250537760917e+00 3.615501928213936012e+00
1.000000000000000000e+00 1.309373408482314094e+00 7.731915500653825379e-01
1.000000000000000000e+00 2.668452975340562361e+00 1.923348410461783065e+00
1.000000000000000000e+00 4.021342933432724642e+00 4.172512732310917904e-01
1.000000000000000000e+00 2.918124197990735968e+00 1.009079393518035772e+00
1.000000000000000000e+00 1.547178179847444213e+00 2.812785745629761358e+00
1.000000000000000000e+00 1.898544067900715726e+00 3.029766598249024945e+00
1.000000000000000000e+00 2.640701000748763239e+00 2.302044893808395720e+00
1.000000000000000000e+00 6.600464979231823737e-01 8.926997177358535485e-01
1.000000000000000000e+00 2.156685883510713886e+00 2.755794843676439232e+00
1.000000000000000000e+00 1.534375569077992552e+00 3.510382447825791452e+00
1.000000000000000000e+00 2.043102412965660530e+00 2.106880698378411410e+00
1.000000000000000000e+00 1.613450962381236309e+00 4.139987966882440418e+00
1.000000000000000000e+00 3.275995393400686240e+00 2.264615853877819607e+00
1.000000000000000000e+00 2.314148032480387585e+00 2.795684985393101396e+00
1.000000000000000000e+00 4.401581456430818662e+00 3.033309922008314174e+00
1.000000000000000000e+00 2.957532632472189338e+00 -7.958863297316254304e-02
1.000000000000000000e+00 8.844388447946147647e-01 8.463815894581376842e-01
1.000000000000000000e+00 2.606673718026443431e+00 1.435817995455970220e+00
1.000000000000000000e+00 2.201657707534772079e+00 1.777642253218424839e+00
1.000000000000000000e+00 -1.680942256764716980e-01 2.951436970375237223e+00
1.000000000000000000e+00 1.393297437668080452e+00 1.103712212041372265e+00
1.000000000000000000e+00 6.502862888942575470e-01 2.415943144923633046e+00
1.000000000000000000e+00 2.441267255681322190e+00 4.583213850464833428e-01
1.000000000000000000e+00 2.686748922636186698e+00 1.425591924309879577e+00
1.000000000000000000e+00 2.681890921173150755e+00 2.206577096116208114e+00
1.000000000000000000e+00 1.968842995158569753e+00 1.665716803032467830e+00
1.000000000000000000e+00 8.333207834065639030e-01 1.551090005758551493e+00
1.000000000000000000e+00 3.011799824755939881e+00 1.166013353213851911e+00
1.000000000000000000e+00 9.624162014356103523e-01 7.150220860295215530e-01
1.000000000000000000e+00 1.879332323617825207e+00 1.294265738438246549e+00
1.000000000000000000e+00 2.635860258175097393e+00 1.612238408287210545e+00
1.000000000000000000e+00 3.272211092188634485e+00 3.091239610869294996e+00
1.000000000000000000e+00 2.925512877318785065e+00 1.871554836072428341e+00
1.000000000000000000e+00 1.311913405592479043e+00 4.187089340842764074e+00
1.000000000000000000e+00 1.622201564174502453e+00 3.114852304470032252e+00
1.000000000000000000e+00 2.370852507097673811e+00 2.217964571616184433e-01
1.000000000000000000e+00 1.189369882767856268e+00 2.042584867111191471e+00
1.000000000000000000e+00 1.126195600320835766e+00 9.287169795447463017e-01
1.000000000000000000e+00 3.806288087409441800e-01 8.715307837448289519e-01
1.000000000000000000e+00 3.052391061207462730e+00 1.709665336154553517e+00
1.000000000000000000e+00 1.325114581636692712e+00 8.427129874518377584e-01
1.000000000000000000e+00 2.318967555056958396e+00 2.798656291505300597e+00
1.000000000000000000e+00 2.366164149104224901e+00 1.993003978251006947e+00
1.000000000000000000e+00 2.476014211740774407e+00 1.550883456048805398e+00
1.000000000000000000e+00 2.777476586015739990e+00 2.864325773016879850e+00
1.000000000000000000e+00 2.641666853567650186e+00 1.495175593870086583e+00
1.000000000000000000e+00 1.780040696947007062e+00 3.442169450124198171e+00
1.000000000000000000e+00 2.418487250057925309e+00 2.901557352910951515e+00
1.000000000000000000e+00 2.535683636319926659e+00 2.892231477731151301e+00
1.000000000000000000e+00 -6.623691803091924513e-02 1.895678441963811522e+00
1.000000000000000000e+00 1.009355239197572196e+00 2.838896492596633792e+00
1.000000000000000000e+00 4.134171683970849998e+00 1.531695831569321653e+00
1.000000000000000000e+00 1.230667718157946622e+00 1.635508047470550785e+00
1.000000000000000000e+00 1.273750473016656448e+00 1.943433968846629334e+00
1.000000000000000000e+00 3.596665093303369254e+00 3.382764598238928944e+00
1.000000000000000000e+00 6.789328292413467913e-01 -1.167627170932010294e+00
1.000000000000000000e+00 2.402871695771860772e+00 4.890125039990071976e-01
1.000000000000000000e+00 7.246063440050449778e-01 1.146992368078954661e+00
1.000000000000000000e+00 1.533976063979474391e+00 2.139886223068589555e+00
1.000000000000000000e+00 3.049111508517476921e+00 3.852517545260206511e+00
1.000000000000000000e+00 2.872181879153187456e+00 3.657441805530800227e+00
1.000000000000000000e+00 1.773262270534353924e+00 1.372161915147906752e+00
1.000000000000000000e+00 6.337714747864200415e-01 1.502907952607057451e+00
1.000000000000000000e+00 1.551082375324723817e+00 2.043111340986161206e+00
1.000000000000000000e+00 -2.142060448206608569e-01 2.677027850452689428e+00
1.000000000000000000e+00 8.725117879578627722e-01 -6.379319563960428319e-01
1.000000000000000000e+00 1.722726070157720724e+00 1.594348537727939608e+00
1.000000000000000000e+00 1.926144873502162458e+00 4.819889136109742900e-01
1.000000000000000000e+00 1.395127571343512507e+00 1.847768347076282458e+00
1.000000000000000000e+00 2.223433224867998881e-01 2.890424184892237847e+00
1.000000000000000000e+00 3.129248068425249052e+00 8.966840054171771879e-01
1.000000000000000000e+00 2.814775198832317304e+00 1.339237050849264588e-01
1.000000000000000000e+00 1.119245415990341552e+00 1.807673172879207479e+00
1.000000000000000000e+00 3.181063657149408641e+00 3.315790185762226283e+00
1.000000000000000000e+00 2.490777395050072229e+00 7.949014610903759603e-01
1.000000000000000000e+00 3.403977731442115129e+00 2.851696273143090821e+00
1.000000000000000000e+00 1.601585769921636260e+00 1.639497143573842131e+00
1.000000000000000000e+00 1.043891444198555618e+00 1.333942633596029603e+00
1.000000000000000000e+00 1.975564496080705723e+00 2.518948055431393218e+00
1.000000000000000000e+00 2.809070871083526377e+00 3.435021059832160439e+00
1.000000000000000000e+00 3.697411274762719025e+00 1.506153196373077652e+00
1.000000000000000000e+00 2.448611414062779268e+00 3.910283832897127887e+00
1.000000000000000000e+00 4.252390018254079251e+00 1.214614334478987701e+00
1.000000000000000000e+00 1.510770277231594516e+00 1.548218023308528535e+00
1.000000000000000000e+00 7.160637173159727364e-01 2.512952868119558314e+00
1.000000000000000000e+00 2.509623357850574887e+00 2.361524029979349848e+00
1.000000000000000000e+00 2.524318150217162326e+00 2.056322177255507810e+00
1.000000000000000000e+00 3.831505083067435091e+00 2.099601806682811489e+00
1.000000000000000000e+00 1.114796949090990363e+00 6.536062967346405461e-01
1.000000000000000000e+00 1.211662909921894737e+00 4.917132457652049204e-01
1.000000000000000000e+00 4.690037981773270914e+00 1.735178873805240274e+00
1.000000000000000000e+00 2.837958016382239101e+00 2.723372516957925704e+00
1.000000000000000000e+00 2.213564285714066937e+00 2.481937427424510290e+00
1.000000000000000000e+00 2.255258183596694277e+00 1.873631070948887700e+00
1.000000000000000000e+00 1.143228223189175718e+00 1.656370360915511153e+00
1.000000000000000000e+00 2.414051896037869405e+00 5.123242055625794045e-01
1.000000000000000000e+00 2.678293718252618749e+00 2.090459939405303835e+00
1.000000000000000000e+00 2.229753137232538762e+00 7.108335752036829547e-01
1.000000000000000000e+00 3.184871220617258913e+00 2.898833110894859288e+00
1.000000000000000000e+00 1.070084820449115348e+00 1.867653383054200589e+00
1.000000000000000000e+00 2.588732100008522607e+00 5.528565646299343772e-01
1.000000000000000000e+00 3.700002860267505689e+00 1.137468931880175838e+00
1.000000000000000000e+00 3.041934139218481548e+00 1.046944450811242433e-01
1.000000000000000000e+00 1.063341716701784012e+00 2.015288693337829784e+00
1.000000000000000000e+00 2.917303103085788329e+00 1.638418086411799202e+00
1.000000000000000000e+00 2.851778517167730786e+00 2.908276342749402055e+00
1.000000000000000000e+00 1.392410110355331465e+00 1.899714054182538359e+00
1.000000000000000000e+00 8.106082310458782025e-01 1.814852837432499477e+00
1.000000000000000000e+00 1.372118204824440246e+00 4.244999122548165360e-02
1.000000000000000000e+00 1.854465267907878356e+00 9.663427245134099675e-01
1.000000000000000000e+00 2.672575048820306609e+00 2.806402387032862045e+00
1.000000000000000000e+00 3.117327211425438005e-01 1.931688665099165370e+00
1.000000000000000000e+00 1.478610871231490043e+00 1.722236939260579858e+00
1.000000000000000000e+00 2.221287925443824474e+00 1.217512115989876076e+00
1.000000000000000000e+00 3.803102993427277312e+00 6.482279787059317400e-01
1.000000000000000000e+00 1.737024587696128997e+00 2.836528725295015541e+00
1.000000000000000000e+00 2.537836387478578093e+00 2.348412227504540706e+00
1.000000000000000000e+00 1.105401964095969802e+00 1.064002991767313056e+00
1.000000000000000000e+00 3.315930846193583026e+00 2.785068079623428616e+00
1.000000000000000000e+00 2.988441946265069760e+00 2.890530236123434626e+00
1.000000000000000000e+00 2.943845030723830192e+00 3.406867974102243402e+00
1.000000000000000000e+00 1.636535248749267035e+00 3.218443016061939499e+00
1.000000000000000000e+00 2.180479658127195020e+00 2.184944038152829116e+00
1.000000000000000000e+00 2.147417346776607783e+00 1.808650566241079227e+00
1.000000000000000000e+00 2.095241189263703063e+00 1.782583994827494633e+00
1.000000000000000000e+00 2.290230886662225629e+00 1.113173004793706511e+00
1.000000000000000000e+00 5.323131397094149619e-02 4.015708227461489699e+00
1.000000000000000000e+00 3.663155050716889516e+00 1.695461227537377491e+00
1.000000000000000000e+00 1.435112853157359147e+00 2.031775075546122356e+00
1.000000000000000000e+00 1.346262134857050707e+00 3.018027687633345835e+00
1.000000000000000000e+00 1.543864421135161535e+00 1.758776221871955370e+00
1.000000000000000000e+00 -6.310854159682244280e-01 3.453138172439834008e+00
1.000000000000000000e+00 3.461581325379645691e+00 2.729983574557071080e+00
1.000000000000000000e+00 2.421884279514461724e+00 7.526138801637800579e-01
1.000000000000000000e+00 1.521789420030551732e+00 9.367449383905215310e-01
1.000000000000000000e+00 2.821569886059128507e+00 3.872830618500282540e+00
1.000000000000000000e+00 1.816486953035933993e+00 4.115693227434192636e+00
1.000000000000000000e+00 2.614654436212089816e+00 1.907847413406048798e+00
1.000000000000000000e+00 4.257351955612957983e-01 2.294692687238546025e+00
1.000000000000000000e+00 1.335423456154219313e+00 2.354951971127007493e+00
1.000000000000000000e+00 1.711129847807312476e+00 1.541147526599743189e+00
1.000000000000000000e+00 3.558303648236782468e-01 2.681823788179806822e+00
1.000000000000000000e+00 2.509372328845826949e-01 1.327541561427381778e+00
1.000000000000000000e+00 2.774286222482873931e+00 2.480768662276021885e+00
1.000000000000000000e+00 1.879047897330303751e+00 2.749848711288234604e+00
1.000000000000000000e+00 1.605303146544039272e+00 -2.540191235538160619e-01
1.000000000000000000e+00 2.992527357339971328e+00 1.583009515122307587e+00
1.000000000000000000e+00 1.642604424254144213e+00 1.181555170493769458e+00
1.000000000000000000e+00 3.399876635178876505e+00 1.932599991037817766e-01
1.000000000000000000e+00 1.753857587604580548e+00 2.485583451462955118e+00
1.000000000000000000e+00 1.755573822552254803e+00 1.624209598382210684e+00
1.000000000000000000e+00 3.833433701949698680e+00 1.604432825013764052e+00
1.000000000000000000e+00 8.591914349057550027e-01 3.884910520024853930e+00
1.000000000000000000e+00 8.451655940942364165e-01 2.839426648584074453e+00
1.000000000000000000e+00 1.909933676094941468e+00 2.763885700052077787e+00
1.000000000000000000e+00 1.910566693300540742e+00 2.364296541430491949e+00
1.000000000000000000e+00 2.847170298389279708e+00 2.280589495294991220e+00
1.000000000000000000e+00 3.647100171047328310e-01 3.140596295160928086e+00
1.000000000000000000e+00 1.922396345315899646e+00 2.035322558357692824e+00
1.000000000000000000e+00 3.641195552103254407e+00 2.183439668868556449e+00
1.000000000000000000e+00 3.503348915874237690e+00 2.199695945228818950e+00
1.000000000000000000e+00 3.352575992836286378e+00 6.140558340232140644e-01
1.000000000000000000e+00 3.255398985954870650e+00 2.277636520812937437e+00
1.000000000000000000e+00 1.796883563678810747e+00 2.328060230344290549e+00
1.000000000000000000e+00 3.526730297369327083e+00 9.664330374482066333e-01
1.000000000000000000e+00 3.154096010358627744e+00 1.855256861803798119e+00
1.000000000000000000e+00 1.631972774025346240e+00 1.867246283877887603e+00
1.000000000000000000e+00 1.811483109649499212e+00 1.719611732246576263e+00
1.000000000000000000e+00 1.983261952814351359e+00 2.570886936557849278e+00
1.000000000000000000e+00 2.253289261765789142e+00 2.022798107826017322e+00
1.000000000000000000e+00 4.444504826807989417e+00 2.057052087243908645e+00
1.000000000000000000e+00 3.579494491081362639e+00 1.610759244648684474e+00
1.000000000000000000e+00 1.441885821505284770e+00 2.766110616080089457e+00
1.000000000000000000e+00 9.622254836948977985e-01 1.644762007711257024e+00
1.000000000000000000e+00 2.008302955622662367e+00 2.385002616942502041e+00
1.000000000000000000e+00 2.007717270710545510e+00 9.443031410506557144e-01
1.000000000000000000e+00 4.045914594950514864e-01 1.917654312865217481e+00
1.000000000000000000e+00 -9.079105347897855616e-01 3.885626957063397668e+00
1.000000000000000000e+00 1.534878021061969910e+00 3.422328607173379389e-01
1.000000000000000000e+00 1.280421704845662312e+00 1.865939843625175731e+00
1.000000000000000000e+00 1.708337049241724248e+00 3.155283143497841891e+00
1.000000000000000000e+00 3.461916729281884209e+00 2.501693768073137480e+00
1.000000000000000000e+00 1.513025173783484778e+00 6.335513605726454944e-01
1.000000000000000000e+00 1.830152553586572362e+00 4.006803627563710890e+00
1.000000000000000000e+00 3.184373005383989153e-01 4.278477810413248150e-01
1.000000000000000000e+00 1.627385379476746774e+00 3.346655350646469351e+00
1.000000000000000000e+00 1.160305718326875901e+00 2.572119211135067918e+00
1.000000000000000000e+00 2.107389535112821566e+00 1.635072315863881132e+00
1.000000000000000000e+00 2.794651495653714068e+00 2.359084727723814723e+00
1.000000000000000000e+00 4.519590558569937855e+00 1.955935575833392059e+00
1.000000000000000000e+00 8.767350608815223101e-01 2.342370856595596962e+00
1.000000000000000000e+00 3.324196676449667098e+00 3.259191214079342647e+00
1.000000000000000000e+00 1.172724335235134197e+00 2.564395062514049251e+00
1.000000000000000000e+00 1.021031697735984345e+00 2.550058822863845887e+00
1.000000000000000000e+00 2.715003207593316592e+00 2.881877577419102998e+00
1.000000000000000000e+00 2.043223697207938283e+00 1.858110003808701505e+00
1.000000000000000000e+00 1.871575188610147489e+00 3.109480295052409193e-01
1.000000000000000000e+00 4.087300540559533957e+00 2.315424424981375573e+00
1.000000000000000000e+00 2.458570829976573613e+00 3.773535156691857129e+00
1.000000000000000000e+00 1.572237290239638208e+00 2.123055323154924512e+00
1.000000000000000000e+00 1.103319634696495743e+00 1.950303685608967719e+00
1.000000000000000000e+00 1.660426169979998257e+00 2.729901103099259707e+00
1.000000000000000000e+00 6.931570210942408217e-01 3.107666510329743392e+00
1.000000000000000000e+00 2.026361704776033612e+00 1.968028512143328967e+00
1.000000000000000000e+00 1.652020691695194721e+00 7.441143582839246928e-01
1.000000000000000000e+00 1.227983034053349520e+00 4.671852233608080329e-01
1.000000000000000000e+00 5.038225772990143625e-01 7.248545294324992838e-02
1.000000000000000000e+00 1.672028277598775370e+00 2.745429450168540342e+00
1.000000000000000000e+00 1.654955756920449828e+00 2.409793151872816175e+00
1.000000000000000000e+00 5.723827423036087492e-01 1.786120607636685120e+00
1.000000000000000000e+00 1.391906739061537834e+00 -8.665695379808990850e-02
1.000000000000000000e+00 3.381522976432973948e+00 2.988913526585567304e+00
1.000000000000000000e+00 7.155266881269484180e-02 1.236113917620539127e+00
1.000000000000000000e+00 2.787067678343631005e+00 2.401069646996553342e+00
1.000000000000000000e+00 3.710196472646194454e-01 1.660822982684091453e+00
1.000000000000000000e+00 3.928057260270803042e-01 1.446638995427671048e+00
1.000000000000000000e+00 1.316830294489736763e+00 4.439774151641342925e+00
1.000000000000000000e+00 2.226666722104346796e+00 2.078151290749992164e+00
1.000000000000000000e+00 3.357435458872139566e+00 1.777438627766224633e+00
1.000000000000000000e+00 1.669114964025170345e+00 3.855552212878429863e+00
1.000000000000000000e+00 1.148359875943288477e+00 2.796412335234625957e+00
1.000000000000000000e+00 9.700116020683648976e-01 2.825136048808065237e+00
1.000000000000000000e+00 1.962916491151134313e+00 1.681714133706236236e+00
1.000000000000000000e+00 2.094347514881276684e+00 2.588960425037197588e+00
1.000000000000000000e+00 3.257913959111145452e+00 6.750942447116474732e-01
1.000000000000000000e+00 1.463482691887901144e+00 2.850756050776517725e+00
1.000000000000000000e+00 1.309383056394052947e+00 2.923506507274830302e+00
1.000000000000000000e+00 2.959291979249822901e-03 3.396322144885197680e-01
1.000000000000000000e+00 3.310052083585965477e+00 2.757035395676181277e+00
1.000000000000000000e+00 1.254088405880694701e+00 2.311751635204247091e+00
1.000000000000000000e+00 3.832606989668976283e+00 1.797517609707810493e+00
1.000000000000000000e+00 2.638025604804072000e+00 2.256108667032550308e+00
1.000000000000000000e+00 2.827382539497508951e+00 2.255097341708948377e+00
1.000000000000000000e+00 1.374829363589004316e+00 1.364207145105961194e+00
1.000000000000000000e+00 1.709476421560151227e+00 4.416311853617862049e+00
1.000000000000000000e+00 1.081692949107341928e+00 1.999573001995544885e+00
1.000000000000000000e+00 4.369274353644825304e-01 1.825891327897102956e+00
1.000000000000000000e+00 2.950687775491639186e+00 1.629699593834845306e+00
1.000000000000000000e+00 2.639487725125729156e+00 2.258574833249591851e+00
1.000000000000000000e+00 1.452908626132955572e+00 2.187901442889683690e+00
1.000000000000000000e+00 3.225296976932631843e+00 7.812004862624317703e-01
1.000000000000000000e+00 2.828913716266712619e+00 2.617900414901448425e+00
1.000000000000000000e+00 2.446239606838367386e+00 2.939934031526186153e+00
1.000000000000000000e+00 2.823142974781680081e+00 1.654264837512273711e+00
1.000000000000000000e+00 1.690647542261761727e+00 1.725441238304338265e+00
1.000000000000000000e+00 3.973285725334878560e-01 1.382383085781107690e+00
1.000000000000000000e+00 1.820925657514598894e+00 1.189790796322040656e+00
1.000000000000000000e+00 4.097794251150582490e+00 3.664543209149179859e+00
1.000000000000000000e+00 2.502129673605975047e+00 2.435266523692891649e+00
1.000000000000000000e+00 1.738150077271265914e+00 2.541619361117050779e+00
1.000000000000000000e+00 6.907719086229253680e-01 1.755820384516697530e+00
1.000000000000000000e+00 2.503109200604327178e+00 1.686867141780440615e+00
1.000000000000000000e+00 1.945921699391693904e+00 1.028852987204468494e+00
1.000000000000000000e+00 9.255080273110714018e-01 1.438795289487923679e+00
1.000000000000000000e+00 2.392807581508476833e+00 2.249423403740656635e+00
1.000000000000000000e+00 3.579572465955990879e+00 1.970937455889385292e+00
1.000000000000000000e+00 3.384536519516133435e+00 3.587739260237622574e+00
1.000000000000000000e+00 2.009010299691426304e+00 1.780759317264845709e+00
1.000000000000000000e+00 1.905488214815360681e+00 2.092840670839657857e+00
1.000000000000000000e+00 1.212152305001364727e+00 1.370658152898123650e+00
1.000000000000000000e+00 2.593902437712670928e+00 1.248748962425961562e+00
1.000000000000000000e+00 2.554154998693535461e+00 2.258283804687740037e+00
1.000000000000000000e+00 2.150639031667236356e+00 3.379661474134818988e+00
1.000000000000000000e+00 3.182812625197064538e-01 3.177442989842163446e+00
1.000000000000000000e+00 1.596753904293120030e+00 1.923304405213057455e+00
1.000000000000000000e+00 2.664896277351116005e+00 3.239373348145809572e+00
1.000000000000000000e+00 2.831748960323130504e+00 2.732061813738305922e+00
1.000000000000000000e+00 2.345755194928251797e+00 1.553163330123181529e+00
1.000000000000000000e+00 2.069145662140801090e+00 1.953640805952665538e+00
1.000000000000000000e+00 1.130757860149909089e+00 2.656190647110665548e+00
1.000000000000000000e+00 3.881217489586515690e+00 2.168621959473236327e+00
1.000000000000000000e+00 1.476396396825790269e+00 2.703648061664472024e+00
1.000000000000000000e+00 2.779779545946603037e+00 2.340102886252549474e+00
1.000000000000000000e+00 7.639471664091590508e-01 1.860324585970229316e+00
1.000000000000000000e+00 1.797064660508887135e+00 7.390670658298337248e-01
1.000000000000000000e+00 5.252079070484749757e-01 1.861699677909678607e+00
1.000000000000000000e+00 6.726239821790724882e-02 3.088007040472084519e+00
1.000000000000000000e+00 2.160813138104967557e+00 -1.104452954850017043e-01
1.000000000000000000e+00 3.163038508758331258e-01 1.508554165952196158e+00
1.000000000000000000e+00 2.407076644252302611e+00 1.943172436159622762e+00
1.000000000000000000e+00 8.121724667443255274e-01 2.401265582207453786e+00
1.000000000000000000e+00 1.798995072898802228e+00 1.848739195093297649e+00
1.000000000000000000e+00 2.051456420061374519e+00 1.762993336754001383e+00
1.000000000000000000e+00 2.881770371721424695e+00 2.033860280832563650e+00
1.000000000000000000e+00 1.177450370097652410e+00 4.641221299852942295e-01
1.000000000000000000e+00 2.044102681176287462e+00 2.042899058913570709e+00
1.000000000000000000e+00 3.410962434194095394e+00 1.916955948649852193e-01
1.000000000000000000e+00 1.448520318166942822e+00 2.446861736769893270e+00
1.000000000000000000e+00 2.815719357187223437e+00 2.743586244269494046e+00
1.000000000000000000e+00 1.230588951418914778e+00 1.641498444420825820e-01
0.000000000000000000e+00 -2.424822026526978647e+00 -1.480476936094542451e+00
0.000000000000000000e+00 -2.673478721142088510e-01 -2.476054825032638185e+00
0.000000000000000000e+00 -2.302748866286108420e+00 -1.197080723337015540e+00
0.000000000000000000e+00 -2.089585377892263285e+00 -2.842932550986138729e+00
0.000000000000000000e+00 -2.054174564328894004e+00 -1.655958675469521246e+00
0.000000000000000000e+00 -1.224332430015818485e+00 -7.992321491580247628e-01
0.000000000000000000e+00 -4.188323029336549652e+00 -3.696099130591151471e+00
0.000000000000000000e+00 -1.786978191836110286e+00 -2.311238799574832914e+00
0.000000000000000000e+00 -2.359076753614941069e+00 -2.722570894514506623e+00
0.000000000000000000e+00 -2.345823827981042609e+00 -1.971220541278443372e+00
0.000000000000000000e+00 -1.748482917959029992e+00 -5.877321933472445803e-01
0.000000000000000000e+00 -1.480435270465926045e+00 -2.367366927606418425e+00
0.000000000000000000e+00 -2.260278453071943083e+00 -5.845439184906198182e-01
0.000000000000000000e+00 -1.648130161333289490e+00 -3.707461783743506434e-01
0.000000000000000000e+00 -3.472807564768146449e+00 -4.140810474992791868e+00
0.000000000000000000e+00 -1.856136021460485841e+00 -2.011441559532474610e+00
0.000000000000000000e+00 -3.455953899435084686e+00 -7.083575354542892555e-01
0.000000000000000000e+00 -2.959716470200778105e+00 -2.857563717243180701e+00
0.000000000000000000e+00 -8.922014423566178021e-01 -3.044614202618050047e+00
0.000000000000000000e+00 -3.952828042148452070e+00 -2.296558488772548756e-01
0.000000000000000000e+00 -2.122754110957079110e+00 -9.507866590187490363e-01
0.000000000000000000e+00 -2.272950414304624189e+00 -2.619585796532620137e+00
0.000000000000000000e+00 -9.105573798213804082e-01 -1.075309527601663095e+00
0.000000000000000000e+00 -1.960438786989658233e+00 -1.928441559064571154e+00
0.000000000000000000e+00 -2.568599268994020246e+00 -1.745520545707428761e+00
0.000000000000000000e+00 -3.602569975388310475e+00 -2.571317961534088870e+00
0.000000000000000000e+00 -1.475920850794846917e+00 -2.906017301591385493e+00
0.000000000000000000e+00 -1.893813003692791819e+00 -6.730989587214630809e-02
0.000000000000000000e+00 -1.003293456285645924e+00 -2.025716110827807892e+00
0.000000000000000000e+00 -8.651366686832546726e-01 -1.873860900593295131e+00
0.000000000000000000e+00 -2.675041171487871239e+00 -3.711141380206817164e+00
0.000000000000000000e+00 -1.446525460033720734e+00 -1.868225703724402331e+00
0.000000000000000000e+00 -5.829778940385381691e-01 -1.928259321700411810e+00
0.000000000000000000e+00 -2.982308084654517799e+00 -1.041132899048203830e+00
0.000000000000000000e+00 -3.535951460633556032e+00 -1.153692918232175568e+00
0.000000000000000000e+00 -2.253060447191510107e+00 -9.668370569899891187e-01
0.000000000000000000e+00 -2.731376685748433175e+00 -2.930594749903116192e+00
0.000000000000000000e+00 -1.794307963899104408e+00 -7.543192505332432241e-01
0.000000000000000000e+00 -2.166723476839402807e+00 -9.749374386116282931e-01
0.000000000000000000e+00 -3.271606141837118287e+00 -2.478424054085559991e+00
0.000000000000000000e+00 -1.792243355497971091e+00 -9.353125117444816006e-02
0.000000000000000000e+00 -5.077813839931477613e-01 -1.562119502956052841e+00
0.000000000000000000e+00 -1.355398599304697749e+00 -1.664399353691735639e+00
0.000000000000000000e+00 -1.465655008667468451e+00 -2.972132694748165882e+00
0.000000000000000000e+00 -1.491679359919048764e+00 -1.354549629344851125e+00
0.000000000000000000e+00 -3.604674150440100533e+00 -3.605179057712729396e+00
0.000000000000000000e+00 -2.594064711486346209e+00 -3.035937360502780624e+00
0.000000000000000000e+00 -1.956840824570616810e+00 -2.231215388888141415e+00
0.000000000000000000e+00 -1.873116364728387273e+00 -1.101306510447086495e+00
0.000000000000000000e+00 -1.669084990914860178e+00 -2.448285193493560108e+00
0.000000000000000000e+00 -2.025603234804104424e+00 -2.132771676748633105e+00
0.000000000000000000e+00 -1.995358394924750201e+00 -2.878822172771068111e+00
0.000000000000000000e+00 -2.259593640829768990e+00 -2.336808085954151792e+00
0.000000000000000000e+00 -2.348822210198489469e+00 -1.849482224816383802e+00
0.000000000000000000e+00 -2.510405959351777572e+00 -1.345906908740870378e+00
0.000000000000000000e+00 -1.721946169579654962e+00 -1.022787984939095285e-01
0.000000000000000000e+00 -1.595637569273721246e+00 -1.791753122794662367e+00
0.000000000000000000e+00 -1.891784313249355254e+00 -3.457752897215132570e+00
0.000000000000000000e+00 -3.047869611001168266e+00 -2.242115467915979377e+00
0.000000000000000000e+00 -2.654128977986604632e+00 -9.368262208029574101e-01
0.000000000000000000e+00 -1.833601279919569116e+00 -3.443519326000526792e+00
0.000000000000000000e+00 -3.300263775524460375e+00 -1.208033354625997147e+00
0.000000000000000000e+00 -3.007385844237777661e+00 -5.509418302718795957e-01
0.000000000000000000e+00 -3.548585457687476463e+00 -3.360791624272691180e+00
0.000000000000000000e+00 -2.901299669932053682e+00 -1.992532901687252389e+00
0.000000000000000000e+00 -3.354899833346211224e+00 -2.728425304621639569e+00
0.000000000000000000e+00 -2.409951705581365733e+00 -1.884326641745878828e+00
0.000000000000000000e+00 -2.557502387180622616e+00 -1.006859404636087252e+00
0.000000000000000000e+00 -2.290526856453156679e+00 -2.520056553237081776e+00
0.000000000000000000e+00 -2.664676430790794193e+00 -2.482138142307546591e+00
0.000000000000000000e+00 -1.464789256222708280e+00 -1.751803352904504285e+00
0.000000000000000000e+00 -1.612554885113035352e+00 -2.162531899582088357e+00
0.000000000000000000e+00 -1.635922621530236931e+00 -1.704440333162641208e+00
0.000000000000000000e+00 -9.159687846954938095e-01 -4.574217967742389312e+00
0.000000000000000000e+00 -1.895554893907342997e+00 -2.499107315539238261e+00
0.000000000000000000e+00 -3.400856810668432928e+00 -1.590423616267143903e+00
0.000000000000000000e+00 -2.500025711915423443e+00 7.340342161441695268e-01
0.000000000000000000e+00 -2.726120476961952477e+00 -1.021954242516835087e+00
0.000000000000000000e+00 -1.949263565792007880e+00 -2.848784374419897958e+00
0.000000000000000000e+00 -3.268474987582390412e+00 -3.027573487738783431e+00
0.000000000000000000e+00 -1.340559186626783639e+00 -1.123408999002536657e+00
0.000000000000000000e+00 -1.243196369830714687e+00 1.160759444258316897e-01
0.000000000000000000e+00 -1.727233257188802495e+00 -1.651748781406208622e+00
0.000000000000000000e+00 -4.465273445976274402e-01 -8.013957419603894294e-01
0.000000000000000000e+00 -3.355020538608447733e+00 -1.801061269391624586e+00
0.000000000000000000e+00 -2.602591039206170631e+00 -1.936850779935816558e+00
0.000000000000000000e+00 -2.139483260353857830e+00 -2.440396609818678897e+00
0.000000000000000000e+00 -1.711436504293143646e+00 -2.524184565966498539e+00
0.000000000000000000e+00 -2.143183942965544375e+00 -2.942955961158868039e+00
0.000000000000000000e+00 -2.231300343702036226e+00 -8.080506818188080143e-01
0.000000000000000000e+00 -2.028544472071569515e+00 -2.624855507712324343e+00
0.000000000000000000e+00 -1.425907694908613577e+00 -1.504307074110440956e+00
0.000000000000000000e+00 -2.382651809507127627e+00 -1.709588457430701647e+00
0.000000000000000000e+00 -1.674406813022823792e+00 -1.303854331832814406e-01
0.000000000000000000e+00 -3.654120098606076006e+00 -1.985416838586641530e+00
0.000000000000000000e+00 -2.294541325335035964e+00 -2.796496282739171946e+00
0.000000000000000000e+00 -2.167025696811528679e-01 -1.772267448576630544e+00
0.000000000000000000e+00 -2.996719921669797504e+00 -1.584589095739533215e+00
0.000000000000000000e+00 -1.976262394442888093e+00 -1.457582089328794073e+00
0.000000000000000000e+00 -1.290206634720451717e+00 -1.560305547304039475e+00
0.000000000000000000e+00 -1.186231614079550578e+00 -1.858814023399548709e+00
0.000000000000000000e+00 -2.197528380760101818e+00 -2.193590628114828078e+00
0.000000000000000000e+00 -1.233129883200799082e+00 -1.980716950053400982e+00
0.000000000000000000e+00 -2.393040229030068744e+00 -3.151643924199353020e+00
0.000000000000000000e+00 -1.605413710989900933e+00 -1.938959723024056281e-01
0.000000000000000000e+00 -1.434189211627621363e+00 -2.096844505122733349e+00
0.000000000000000000e+00 -9.725752109102805409e-01 -3.084675401338563550e+00
0.000000000000000000e+00 -1.945545903985433478e+00 -6.917735487113416681e-01
0.000000000000000000e+00 -5.226383117852690940e-01 -2.116849658508604293e+00
0.000000000000000000e+00 -2.712092058792700655e+00 -1.630949101518555544e+00
0.000000000000000000e+00 -2.039447301673174451e+00 -1.923319535411770254e+00
0.000000000000000000e+00 -7.690953082800127127e-01 -2.715381587941582353e+00
0.000000000000000000e+00 -2.082747364830113135e+00 -2.214935346364255153e+00
0.000000000000000000e+00 -1.863059715726541610e+00 -2.868686813703784200e+00
0.000000000000000000e+00 -2.007929324100113266e+00 -1.781468794021569657e+00
0.000000000000000000e+00 -3.844803456290375454e+00 -3.336782088027971049e+00
0.000000000000000000e+00 -1.690589487590422380e+00 -2.830224326714710692e+00
0.000000000000000000e+00 -1.590212546173868313e+00 -2.532936775273364471e+00
0.000000000000000000e+00 -1.028171572668016953e+00 -3.112191878735763861e-01
0.000000000000000000e+00 -2.437171018783817811e+00 -1.193809060037467784e+00
0.000000000000000000e+00 -3.010816474391810438e+00 -3.023872922978507294e+00
0.000000000000000000e+00 -2.350749742340484616e+00 1.247440216806925406e-01
0.000000000000000000e+00 -1.081918508426141567e+00 -1.367184155537035872e+00
0.000000000000000000e+00 -3.452318784616751568e+00 -1.523934562018012251e+00
0.000000000000000000e+00 -2.340067210348182325e-01 -2.736264959689397536e+00
0.000000000000000000e+00 -9.729635444311095505e-01 -2.275636299807549445e+00
0.000000000000000000e+00 -2.397874574583678253e+00 -2.043141606486802431e+00
0.000000000000000000e+00 -2.673198289837292574e+00 -4.630527826096877408e-01
0.000000000000000000e+00 -2.392765028681155481e+00 -2.044424896341676234e+00
0.000000000000000000e+00 -1.492051097318704445e+00 -4.770155028558260568e-01
0.000000000000000000e+00 -2.531917337799794332e+00 -2.518815342229746790e+00
0.000000000000000000e+00 -1.138111833287849706e+00 -2.539044031361210596e+00
0.000000000000000000e+00 -6.534740338093449896e-01 1.316837516287128196e-02
0.000000000000000000e+00 -2.557760121282639965e+00 -1.145296657973255083e+00
0.000000000000000000e+00 -8.084004876215775681e-01 -3.272903589185460760e-02
0.000000000000000000e+00 -2.179207425306355805e+00 -1.893608067006740114e+00
0.000000000000000000e+00 -2.409587854849517541e+00 -8.533749449260825681e-01
0.000000000000000000e+00 -3.913684221158281851e+00 -2.231359727667761028e+00
0.000000000000000000e+00 -1.378326679295503787e+00 -2.612857727201686409e+00
0.000000000000000000e+00 -3.576916504324421098e-01 -1.104103803799063144e+00
0.000000000000000000e+00 -3.833703772958103606e+00 -1.743479211441470778e+00
0.000000000000000000e+00 -2.014306160313850125e+00 -1.747128819872491245e+00
0.000000000000000000e+00 -9.800265667331176100e-01 -1.140544595236564485e+00
0.000000000000000000e+00 -1.646276586916440410e+00 -1.516886702786540697e+00
0.000000000000000000e+00 -1.957070256733739022e+00 -2.621354965880326571e+00
0.000000000000000000e+00 -2.579480243857950938e+00 -5.335969090780894319e-01
0.000000000000000000e+00 -3.569601956444345525e+00 -2.570636539565042789e+00
0.000000000000000000e+00 -5.769035573211582779e-01 5.892814049579220281e-02
0.000000000000000000e+00 -2.026262048377717839e+00 -2.487564430520876613e+00
0.000000000000000000e+00 -1.247452279428628463e+00 -1.416279726310523568e+00
0.000000000000000000e+00 -2.024059237799348043e+00 -1.166815652349350252e+00
0.000000000000000000e+00 -2.450941131356291436e+00 -2.368298800886318833e+00
0.000000000000000000e+00 -2.721215068110634405e+00 -2.713740695452991236e+00
0.000000000000000000e+00 -3.603656466078169807e+00 -2.386423117035814112e-01
0.000000000000000000e+00 -1.362746626344843559e+00 -4.283835706205312732e+00
0.000000000000000000e+00 -2.727423589122198067e+00 -5.156633141130098075e-01
0.000000000000000000e+00 -1.526826849302981515e+00 -3.047696636986108487e+00
0.000000000000000000e+00 -2.400504843422810897e+00 -1.911162861953618730e+00
0.000000000000000000e+00 -1.751087030948511591e+00 -1.436758098757356272e+00
0.000000000000000000e+00 -1.736057588715350875e+00 -3.005496024303483615e+00
0.000000000000000000e+00 -2.855677406642257665e+00 -8.673872138580478452e-01
0.000000000000000000e+00 8.473426722299985947e-01 -2.387193552754141024e+00
0.000000000000000000e+00 -2.058747416336154323e+00 -3.043730702162980251e+00
0.000000000000000000e+00 -8.360269593687870149e-01 -1.331419372118797240e+00
0.000000000000000000e+00 -3.063021217221970627e+00 -2.647084537311728436e+00
0.000000000000000000e+00 1.162350537868563904e+00 -3.305123726670009976e+00
0.000000000000000000e+00 -1.012791585506135572e+00 -1.262131975827023744e+00
0.000000000000000000e+00 -2.492534594329539832e+00 -2.189919265885976962e+00
0.000000000000000000e+00 -2.386667203476156907e+00 -2.332813759505618201e+00
0.000000000000000000e+00 -1.469472560088985746e+00 -3.312764101353801394e+00
0.000000000000000000e+00 -1.704259977607657017e+00 -2.312345926653301742e+00
0.000000000000000000e+00 -1.507664541050755425e+00 -4.908948592634093444e+00
0.000000000000000000e+00 -2.645912197706771440e+00 -2.068471752138918429e+00
0.000000000000000000e+00 4.211169973518900100e-01 -2.728631572086645640e+00
0.000000000000000000e+00 -2.397729788315598132e+00 -1.174119806445873992e+00
0.000000000000000000e+00 -2.053226927336649688e+00 -2.824750121895602817e+00
0.000000000000000000e+00 -4.367266248007067198e+00 -8.220328040100408629e-01
0.000000000000000000e+00 -2.543939201024177255e+00 -2.963081267077372072e+00
0.000000000000000000e+00 -2.946544572292397746e+00 -1.701177469199691261e+00
0.000000000000000000e+00 -2.846476692538406184e+00 -3.039438525952146808e+00
0.000000000000000000e+00 -5.622519229685238873e-01 -2.878797875602510992e+00
0.000000000000000000e+00 -1.624357773503873670e+00 -3.178746067116391849e+00
0.000000000000000000e+00 -2.909810882060363202e+00 -2.381555237549781268e+00
0.000000000000000000e+00 -9.600231423109641948e-01 -2.495096586415279205e+00
0.000000000000000000e+00 -2.529391358362642173e+00 -1.478114990277409113e+00
0.000000000000000000e+00 -3.289839366104343465e+00 -2.180879546160788163e+00
0.000000000000000000e+00 -2.582214366528909899e+00 -1.425321420880085510e+00
0.000000000000000000e+00 -2.773615798199525972e+00 -1.774475425931250072e+00
0.000000000000000000e+00 -3.681557871846281582e-01 -3.357091532193819283e+00
0.000000000000000000e+00 -9.333740548460258690e-01 -3.618257360055822769e+00
0.000000000000000000e+00 -1.796570747393740231e+00 -1.844183339630863117e+00
0.000000000000000000e+00 -2.779590623991395226e+00 -3.084779466874084441e+00
0.000000000000000000e+00 -1.669785762716692989e+00 -2.767697367782482765e+00
0.000000000000000000e+00 -6.290163927961145429e-01 -1.806148237410980739e+00
0.000000000000000000e+00 4.414430531820556780e-03 -2.326895864253248902e+00
0.000000000000000000e+00 -1.633405308419348723e+00 -6.357220021834273371e-01
0.000000000000000000e+00 -1.898871089379722266e+00 -3.072257698252758296e+00
0.000000000000000000e+00 -1.180685665243605520e+00 -3.577126093507138282e+00
0.000000000000000000e+00 -7.601845385009400324e-01 -1.956861661289609478e+00
0.000000000000000000e+00 -1.309759232906945181e+00 -1.332594285407247003e+00
0.000000000000000000e+00 -1.678147218298857934e+00 -2.018652510646917086e+00
0.000000000000000000e+00 -3.935311446040973049e+00 -3.119671439765738796e+00
0.000000000000000000e+00 -1.822595260436012499e+00 -3.187019741453015698e+00
0.000000000000000000e+00 -1.789413695552035222e+00 -3.823807294445111804e+00
0.000000000000000000e+00 -9.169975511252101974e-01 -2.600368128457382966e+00
0.000000000000000000e+00 -2.232449913259581198e+00 -3.726296815858733069e+00
0.000000000000000000e+00 -6.463906611656897727e-01 -2.790126356585230116e+00
0.000000000000000000e+00 -2.527363903265223755e+00 -1.438711714680880771e+00
0.000000000000000000e+00 -3.035628890929580326e+00 -1.485393196609428923e+00
0.000000000000000000e+00 -6.758439029968499323e-01 -3.275267047769642836e+00
0.000000000000000000e+00 -1.659208401028450908e+00 -1.914603576723689526e+00
0.000000000000000000e+00 -2.305647434797621020e+00 -3.414420165530304807e+00
0.000000000000000000e+00 -4.015260566080200988e+00 8.932845674358125265e-02
0.000000000000000000e+00 -1.746851026178185329e+00 -1.418722554172323402e+00
0.000000000000000000e+00 -2.759135919865062014e+00 -1.907994828555221734e+00
0.000000000000000000e+00 -1.477520553761793920e+00 -2.427598650992923712e+00
0.000000000000000000e+00 -1.615269864781271547e+00 -1.431336519956531550e+00
0.000000000000000000e+00 -5.752667034919975997e-01 -2.166555235531883561e+00
0.000000000000000000e+00 -2.858088064971270548e+00 -1.668682998785317118e+00
0.000000000000000000e+00 -2.063829468646103837e+00 -4.594985067553800206e+00
0.000000000000000000e+00 -1.833970509211124922e+00 -3.022909405335546307e+00
0.000000000000000000e+00 9.749374845606268991e-01 -1.471860606224216106e+00
0.000000000000000000e+00 -2.359917373738710467e+00 -5.550422724903287808e-01
0.000000000000000000e+00 -1.809521668126660376e+00 -1.049429133344467191e+00
0.000000000000000000e+00 -2.386589394486419824e+00 -2.449980193129726480e+00
0.000000000000000000e+00 -1.237335367905796790e+00 -1.593916880886857790e+00
0.000000000000000000e+00 -2.956180243375735817e+00 -2.191782828865729282e+00
0.000000000000000000e+00 -1.394061881576548423e+00 -1.484732555593315961e+00
0.000000000000000000e+00 -3.068356661450176048e+00 -1.643943165914860227e+00
0.000000000000000000e+00 -2.027180036013164433e+00 -2.900269992345207104e+00
0.000000000000000000e+00 -2.199392236081996632e+00 -1.608001003517670613e+00
0.000000000000000000e+00 -1.280194763759699761e+00 -3.575802449490047330e+00
0.000000000000000000e+00 1.187800705017125757e-01 -6.259751160900774991e-01
0.000000000000000000e+00 -6.882252488838713766e-02 -2.497120559236123860e+00
0.000000000000000000e+00 -1.841771453217587728e+00 -2.368013902533641524e+00
0.000000000000000000e+00 -3.369811668707687780e+00 -1.010086953909041130e+00
0.000000000000000000e+00 -7.711480690780860847e-01 -3.718713113659936287e+00
0.000000000000000000e+00 -1.213079744415570538e+00 -2.133616579370932076e+00
0.000000000000000000e+00 -3.237234701227134970e+00 -5.984607340591552305e-01
0.000000000000000000e+00 -2.657710394657006425e+00 -1.493361199322153610e+00
0.000000000000000000e+00 -2.318518789797447965e+00 -2.131000553559177835e+00
0.000000000000000000e+00 -8.883793604672967081e-01 -3.061224837465708060e+00
0.000000000000000000e+00 -1.897164223255121351e+00 -1.401857774954557989e+00
0.000000000000000000e+00 -1.766895079984407868e+00 -6.660762751604094589e-01
0.000000000000000000e+00 3.048876558265924963e-01 -1.266262866853268498e+00
0.000000000000000000e+00 -2.561171419743745847e+00 -2.992335038539351011e+00
0.000000000000000000e+00 -2.213303250554494728e+00 -2.318004924860394667e+00
0.000000000000000000e+00 -2.083798460527190421e+00 -2.774309826926427913e+00
0.000000000000000000e+00 -3.578392242613434693e+00 -3.331036587226002599e+00
0.000000000000000000e+00 -2.597095007850731996e+00 -2.588923159683049757e+00
0.000000000000000000e+00 -2.675006515445144117e+00 -1.086284384899817601e+00
0.000000000000000000e+00 -3.559147161893708500e+00 -3.178398853615607145e+00
0.000000000000000000e+00 -2.090665313467533704e+00 -3.427835586739743867e+00
0.000000000000000000e+00 -1.661895809815269187e+00 -1.908754938126878686e+00
0.000000000000000000e+00 -3.536302127053084554e+00 -1.848928224994191849e+00
0.000000000000000000e+00 -2.071044462840064604e+00 -1.394188056995826042e+00
0.000000000000000000e+00 -1.569041787942425881e+00 -1.500912389250031787e+00
0.000000000000000000e+00 -3.082884073100890632e+00 -7.750606272971503063e-01
0.000000000000000000e+00 -1.632198945897275433e+00 -2.500775108897621557e+00
0.000000000000000000e+00 -1.767616872704185216e+00 -2.008276768762629061e-02
0.000000000000000000e+00 -3.880134820196722067e+00 -1.922509219535169844e+00
0.000000000000000000e+00 -2.319196889453753574e+00 -1.093013512428197664e+00
0.000000000000000000e+00 -2.380266240967223279e+00 -3.212955879669977755e+00
0.000000000000000000e+00 -1.462073337747332058e+00 -4.015000288106240767e-02
0.000000000000000000e+00 -1.418599773674816378e+00 8.327620870467673519e-01
0.000000000000000000e+00 -3.003788021056071678e+00 -3.082454832896160291e+00
0.000000000000000000e+00 -9.666144646250287575e-01 -2.121680073525296084e+00
0.000000000000000000e+00 -2.432223519697771508e-01 -2.477467467438426496e+00
0.000000000000000000e+00 -2.578026759144426361e+00 -2.410589509292118571e+00
0.000000000000000000e+00 -2.529251476079801719e+00 -3.673121537319340657e+00
0.000000000000000000e+00 -1.711324448164308398e+00 -1.645302965105428505e+00
0.000000000000000000e+00 -4.183952438198108581e-01 -2.572902652348840302e+00
0.000000000000000000e+00 -3.050721431631781222e+00 -1.836146625422873990e+00
0.000000000000000000e+00 -2.920168077327032208e+00 -2.393720713635876240e+00
0.000000000000000000e+00 -2.376402918636527861e+00 -2.592842242444289624e+00
0.000000000000000000e+00 -7.485130453942319129e-01 -1.777747000139722644e+00
0.000000000000000000e+00 -1.057033067329318232e+00 -2.212390011752376484e+00
0.000000000000000000e+00 -2.367076104757815713e+00 -1.951171122436398342e+00
0.000000000000000000e+00 -2.450455493979463828e+00 -2.177115001337421862e+00
0.000000000000000000e+00 -1.167490012064377858e+00 -3.860023610194461163e+00
0.000000000000000000e+00 -1.876129876057618606e+00 -3.395954755952385273e+00
0.000000000000000000e+00 -2.906877518135698946e+00 -2.914033842965893850e+00
0.000000000000000000e+00 -4.447889071540950923e+00 -7.087324143753166439e-01
0.000000000000000000e+00 -1.207170028864752664e+00 -2.542207216076235454e+00
0.000000000000000000e+00 -2.458921754510612345e+00 -1.977856389023954664e+00
0.000000000000000000e+00 -1.827578237580848253e+00 2.533466553740320037e-01
0.000000000000000000e+00 -2.234491666841909918e+00 -3.066302675879754691e+00
0.000000000000000000e+00 -2.013388472609070945e+00 -2.137593215914777023e+00
0.000000000000000000e+00 -2.530792198778804902e+00 2.684331127211794232e-01
0.000000000000000000e+00 1.821858709651089647e-01 -2.389038577657085938e+00
0.000000000000000000e+00 -2.776373229601221571e+00 -9.895971094373803290e-01
0.000000000000000000e+00 -1.389363792658402597e+00 -9.187163978435251011e-01
0.000000000000000000e+00 -2.631241141862650679e+00 -2.435870240283366961e+00
0.000000000000000000e+00 -1.885289184727401590e+00 -1.034671844488092685e+00
0.000000000000000000e+00 -1.321523072811093602e+00 -3.568431283358446393e+00
0.000000000000000000e+00 -2.815308590479728146e+00 -3.050593120358083166e+00
0.000000000000000000e+00 -2.408103982169520485e+00 -1.917880175460727754e+00
0.000000000000000000e+00 -2.262319268365514002e+00 -9.915271980337345692e-01
0.000000000000000000e+00 -2.414546567493869755e+00 -3.059006272152545503e+00
0.000000000000000000e+00 -1.887306319398667886e+00 -1.101659689887444671e+00
0.000000000000000000e+00 -3.113028821020728643e+00 -1.388777827796255915e+00
0.000000000000000000e+00 -1.781475371665434349e+00 -3.994103107234829864e+00
0.000000000000000000e+00 -1.568945190235880638e+00 -2.477235355674324069e+00
0.000000000000000000e+00 -2.090950853490858741e+00 -2.309542772132321176e+00
0.000000000000000000e+00 -2.327869857175360657e+00 -2.903013597580515359e+00
0.000000000000000000e+00 -2.171395764632781944e+00 -2.969041423583302031e+00
0.000000000000000000e+00 -2.588193004804756558e+00 -1.588278324610782999e+00
0.000000000000000000e+00 -1.098858167064657554e+00 -4.103768114603198569e+00
0.000000000000000000e+00 -1.232441470470400979e+00 -1.054747477298140890e+00
0.000000000000000000e+00 -1.608909674040582383e+00 -1.422100367375450647e+00
0.000000000000000000e+00 -1.304261477637787880e+00 -3.197526379879210623e+00
0.000000000000000000e+00 -3.124793041261907156e+00 -5.513371523952743658e-01
0.000000000000000000e+00 -3.875512564723723408e+00 -1.645206712400288929e+00
0.000000000000000000e+00 -2.477674567391160210e+00 -1.456182392600865461e+00
0.000000000000000000e+00 -3.576868648214196700e+00 -1.804751627792373192e+00
0.000000000000000000e+00 -1.390652607418974229e+00 -1.479813907270716600e+00
0.000000000000000000e+00 -8.975698177624222840e-01 -2.876640122641072050e+00
0.000000000000000000e+00 -1.512325722774529702e+00 -8.581457473177434014e-01
0.000000000000000000e+00 -2.531206763784932257e+00 -3.773868773186936920e+00
0.000000000000000000e+00 -1.691751954115332524e+00 -1.143631806676425278e+00
0.000000000000000000e+00 -2.364890612971310091e+00 -4.239142805308206974e-01
0.000000000000000000e+00 -3.802973858140235031e+00 -3.227302946170998776e+00
0.000000000000000000e+00 -2.382910442287879960e+00 -2.762042710706510196e+00
0.000000000000000000e+00 -2.277725400963022118e+00 -3.321697350413045591e+00
0.000000000000000000e+00 -9.122351546810416600e-01 -1.179023865306165542e+00
0.000000000000000000e+00 -7.628369717722942589e-01 -3.275460172810986670e+00
0.000000000000000000e+00 -2.284281812076963014e+00 -1.364246782664364943e+00
0.000000000000000000e+00 -8.798915516473877485e-01 -1.024969541045654298e+00
0.000000000000000000e+00 -1.960750763045408851e+00 -1.532338732783973256e+00
0.000000000000000000e+00 -1.373829536810644125e+00 -1.324006676977302233e+00
0.000000000000000000e+00 -2.725604860613116465e+00 -1.831149137434909813e+00
0.000000000000000000e+00 -4.998971917598009629e-01 -2.659023896456371716e+00
0.000000000000000000e+00 -2.086678679075108178e+00 -3.055989442505675058e+00
0.000000000000000000e+00 -8.258778864091902427e-01 -1.405163727623006675e+00
0.000000000000000000e+00 -1.545206403629061587e+00 -2.241564460293887784e-01
0.000000000000000000e+00 -1.790670964248366692e+00 -3.174589191379381337e+00
0.000000000000000000e+00 -1.332811931455245347e+00 -1.654818834160766139e+00
0.000000000000000000e+00 -1.905321226451452521e+00 -2.526046330745443047e+00
0.000000000000000000e+00 -7.660157514286620728e-01 -1.226579312127244137e+00
0.000000000000000000e+00 -2.123543818246829584e+00 -2.639948587038911221e+00
0.000000000000000000e+00 -1.312009680503470221e+00 -7.127224920406405317e-02
0.000000000000000000e+00 -4.258791345331271572e+00 -2.817326359445988970e+00
0.000000000000000000e+00 -6.294206749796824596e-01 -2.546676516032935211e+00
0.000000000000000000e+00 -3.000654209732038336e+00 -2.306443141514997297e+00
0.000000000000000000e+00 -1.729414518766383413e+00 -7.908969741763769434e-01
0.000000000000000000e+00 -2.009559457033934571e+00 -9.658867918024733878e-01
0.000000000000000000e+00 -1.184552292529337914e+00 -8.895080692255625809e-01
0.000000000000000000e+00 -2.301155027962987987e+00 -2.489486210862113413e+00
0.000000000000000000e+00 -2.415421886202319790e+00 -2.588131801591722070e+00
0.000000000000000000e+00 -2.905792576729187893e+00 -2.348978195343157882e+00
0.000000000000000000e+00 -2.148580810514043815e+00 -1.782705503431387228e+00
0.000000000000000000e+00 -1.138588612540476497e+00 -2.395570877812609467e+00
0.000000000000000000e+00 -2.659360581821574421e+00 -2.454199451922169928e+00
0.000000000000000000e+00 -1.874445566753858650e+00 -2.198335095389637672e+00
0.000000000000000000e+00 -2.383708748928254018e+00 -2.021353171370735335e+00
0.000000000000000000e+00 -3.328663041317904359e+00 -1.734224384427684340e+00
0.000000000000000000e+00 -1.461794657470041336e+00 -1.524027471728908623e+00
0.000000000000000000e+00 -1.611149697753668786e+00 -1.258526653157147734e+00
0.000000000000000000e+00 -1.930864188132843884e+00 -2.929157963514836815e+00
0.000000000000000000e+00 -2.070694349440107551e+00 -2.537411636492303835e+00
0.000000000000000000e+00 -9.128257905394461247e-01 -1.432637178050990334e+00
0.000000000000000000e+00 -6.992365731082494928e-01 -1.986724304991574375e+00
0.000000000000000000e+00 -2.798698640880954880e+00 -7.226474550158306087e-01
0.000000000000000000e+00 -1.197969657053712389e+00 -8.180621934432827924e-01
0.000000000000000000e+00 -2.111271301486717267e+00 -2.549852893582417401e+00
0.000000000000000000e+00 -3.542769046374121267e+00 -2.287177256677269011e+00
0.000000000000000000e+00 -1.801678417112549280e+00 -1.729607317049651538e+00
0.000000000000000000e+00 -3.122777655917019501e-01 -9.175550099038634055e-01
0.000000000000000000e+00 -1.914473226986563192e+00 -1.621808835663357318e+00
0.000000000000000000e+00 -2.439211782558032837e+00 -3.843164342543754053e+00
0.000000000000000000e+00 -1.871359170801059069e+00 -1.409287473365604448e+00
0.000000000000000000e+00 -1.178993657217435986e+00 -1.680391636899319918e+00
0.000000000000000000e+00 -7.881304420933299415e-01 -1.579312554103663446e+00
0.000000000000000000e+00 -1.685644396915016774e+00 -2.317206561535284148e+00
0.000000000000000000e+00 -3.184446043210134913e+00 -1.404280364030541017e+00
0.000000000000000000e+00 -2.121868036408573577e+00 -4.374516280645297073e+00
0.000000000000000000e+00 -2.738958142598287182e+00 -7.750650390391031763e-01
0.000000000000000000e+00 -9.731099050037803622e-01 -3.390784254964470890e+00
0.000000000000000000e+00 -9.546303484349925039e-01 -2.203139118648812289e+00
0.000000000000000000e+00 -1.942819598367514278e+00 -2.491015402144123758e+00
0.000000000000000000e+00 -1.861695323667018620e+00 -1.546000590365377958e+00
0.000000000000000000e+00 -3.668670389890893446e-01 -1.392565718596635804e+00
0.000000000000000000e+00 2.224071608374447173e-01 -7.437771952083735982e-01
0.000000000000000000e+00 -2.528760453337991709e+00 -2.024176960488529797e+00
0.000000000000000000e+00 -2.353765622315334927e+00 -1.895865642805683926e+00
0.000000000000000000e+00 -2.036259095021614396e+00 -2.073071761267310631e+00
0.000000000000000000e+00 -3.595813948219908074e-01 -2.510311134719321657e+00
0.000000000000000000e+00 -1.478435597702131510e+00 -2.299385863794826790e+00
0.000000000000000000e+00 -3.480283131360311977e+00 -2.495597289361554338e+00
0.000000000000000000e+00 -2.134250419474949645e+00 -3.172398115454710954e-02
0.000000000000000000e+00 -7.194734657857315696e-01 -3.516199508691102427e+00
0.000000000000000000e+00 -1.845181944258948104e+00 -2.449319781267202956e+00
0.000000000000000000e+00 -1.132215388778230025e+00 -1.861419281009891513e+00
0.000000000000000000e+00 -2.015161309988010796e+00 -2.320838907201938639e+00
0.000000000000000000e+00 -3.278024970828774087e+00 -8.005529812562575120e-01
0.000000000000000000e+00 -1.106402400374565165e+00 -1.678840408756261171e+00
0.000000000000000000e+00 -3.215987126060497303e+00 -9.889837560001792927e-01
0.000000000000000000e+00 -1.707343392233145574e+00 -5.213777136833173120e-01
0.000000000000000000e+00 -3.150434238000376030e+00 -3.278941662178835870e+00
0.000000000000000000e+00 -3.041064073606061235e+00 -2.807072657209039424e+00
0.000000000000000000e+00 -2.462055052787913478e+00 -1.623528828582544214e+00
0.000000000000000000e+00 -1.407648076313482877e+00 -3.252956476996516244e+00
0.000000000000000000e+00 -1.003604778520525986e+00 -2.096143685528296885e+00
0.000000000000000000e+00 -1.659596425289889599e+00 -2.561784226509310258e+00
0.000000000000000000e+00 -9.395262532993182703e-01 -1.235576243387698669e+00
0.000000000000000000e+00 -1.704768039161973281e+00 -2.457239796787238362e+00
0.000000000000000000e+00 -1.872964819540321457e+00 -1.158257067210989977e+00
0.000000000000000000e+00 -2.463112242937280261e+00 -2.218789947721691913e+00
0.000000000000000000e+00 -2.945556675655825796e+00 -2.866755743726384864e+00
0.000000000000000000e+00 -3.059942301598930658e+00 -2.032827492189714924e+00
0.000000000000000000e+00 -1.121440495806779403e+00 -2.107299098169892471e-01
0.000000000000000000e+00 -1.729521368603583298e+00 -1.636290386605352865e+00
0.000000000000000000e+00 -1.493969791664132796e+00 -3.071227957668566155e+00
0.000000000000000000e+00 -2.710225583159755036e+00 -2.161855783212013993e+00
0.000000000000000000e+00 -3.035121976507396901e+00 -1.108115731089024392e+00
0.000000000000000000e+00 -2.700912342668911670e+00 -2.909910208011204258e+00
0.000000000000000000e+00 -5.330166217445810872e-01 -2.681631487181346696e+00
0.000000000000000000e+00 -3.093391298002003964e+00 -1.807134046060721921e+00
0.000000000000000000e+00 -1.660644770896827049e+00 -2.876918977162625346e+00
0.000000000000000000e+00 -1.471383109764222485e+00 -3.330404311944510809e+00
0.000000000000000000e+00 -1.788503526109941344e+00 -3.590666120919616233e+00
0.000000000000000000e+00 -1.259398574049643393e+00 -3.131338357330860855e+00
0.000000000000000000e+00 -2.871877354395170112e+00 -1.239844373621633578e+00
0.000000000000000000e+00 -1.208289674621220389e+00 -2.299766192820759780e+00
0.000000000000000000e+00 -1.930644364762843068e+00 -4.917534355637072085e-01
0.000000000000000000e+00 -1.131754119666180891e+00 -9.468603787771354696e-01
0.000000000000000000e+00 -4.879148442045655898e+00 -2.070039735108757828e+00
0.000000000000000000e+00 -1.959842483068692909e+00 -5.700494423730617655e-01
0.000000000000000000e+00 -1.879618603181655079e+00 -1.394845462981033180e+00
0.000000000000000000e+00 -3.993658608315245218e+00 -2.478269205633479633e+00
0.000000000000000000e+00 -2.253653460211616277e+00 -3.323514468327746663e+00
0.000000000000000000e+00 -1.031974179628213140e+00 -1.863277585575518813e+00
0.000000000000000000e+00 -4.500975174335339890e-01 -2.324299835475555298e+00
0.000000000000000000e+00 -3.069278892304097894e+00 -1.065203296170949887e+00
0.000000000000000000e+00 -9.334540582837842493e-01 -2.449833933782378903e+00
0.000000000000000000e+00 -1.192125683833638039e+00 -2.028570044526109228e+00
0.000000000000000000e+00 -1.866679279205340158e+00 -3.717359838641536296e-01
0.000000000000000000e+00 -1.369609515915851450e+00 -1.779423731966402578e+00
0.000000000000000000e+00 -1.183154795508216672e-01 -8.884086287006529581e-01
0.000000000000000000e+00 -6.083502642896672086e-01 -1.147490557755871166e+00
0.000000000000000000e+00 -2.526038636235055534e+00 -9.599954589731036769e-01
0.000000000000000000e+00 -1.558025072870368177e+00 -2.417482696226593397e+00
0.000000000000000000e+00 -1.913660274819638518e+00 -3.223953798837303708e+00
0.000000000000000000e+00 3.157142227193157069e-01 -1.237693414914433188e+00
0.000000000000000000e+00 -1.306744019799588319e+00 -3.274611403907098595e+00
0.000000000000000000e+00 -2.809369647836002404e+00 -1.011511567135809697e+00
0.000000000000000000e+00 -2.359492336603803420e+00 -2.250442668035631755e+00
0.000000000000000000e+00 -1.521812050457343135e+00 -1.528819670228050764e+00
0.000000000000000000e+00 -4.124724803932632966e+00 -2.009100934648560433e+00
0.000000000000000000e+00 -2.232042135997529986e+00 -3.571470896279992147e+00
0.000000000000000000e+00 -3.250412166462720354e+00 -2.155129780946851259e+00
0.000000000000000000e+00 -5.871034925133233884e-01 -2.694407976700392560e+00
0.000000000000000000e+00 -1.119503099919294531e+00 -5.593029118568311198e-01
0.000000000000000000e+00 -2.844154661300873244e+00 -7.742788510488221032e-01
0.000000000000000000e+00 -2.767818305459119443e+00 -4.021966767228271955e+00
0.000000000000000000e+00 -2.433176915058989032e+00 -2.889810063377424854e+00
0.000000000000000000e+00 -2.977805329404895396e+00 -5.610543494091762007e-01
0.000000000000000000e+00 -1.528619410918201416e+00 -9.938302237742142609e-01
0.000000000000000000e+00 -2.354162831234995146e+00 -1.522806135381330250e+00
0.000000000000000000e+00 -6.043908535896380663e-01 -1.126444961568236369e+00
0.000000000000000000e+00 -1.092276645397919577e+00 5.946951798461865835e-01
0.000000000000000000e+00 -3.114261519447210080e+00 -2.540304542570182456e+00
0.000000000000000000e+00 -5.934046795295682131e-01 -1.546885824387763453e+00
0.000000000000000000e+00 -1.122768447153983828e+00 -4.216472371444695000e+00
0.000000000000000000e+00 -2.200706016708128931e+00 -2.633221804065082772e+00
0.000000000000000000e+00 -3.421625419408797164e+00 -2.951228350930937605e+00
0.000000000000000000e+00 -2.537647115971370049e+00 -1.462746303176487572e+00
0.000000000000000000e+00 -1.241541845517549536e+00 1.357348634279631483e-01
0.000000000000000000e+00 -1.384411723470495570e+00 -3.763633405056086012e+00
0.000000000000000000e+00 -2.964695709242597843e+00 -3.278198066327478344e+00
0.000000000000000000e+00 -1.752170828635812860e-01 -2.175038937064114553e+00
0.000000000000000000e+00 -9.786558654171786387e-01 -4.518452290238434088e+00
0.000000000000000000e+00 -1.592884684443292675e+00 -3.827961972143590685e+00
0.000000000000000000e+00 -2.273461778762958296e+00 -1.887157468097524493e+00
0.000000000000000000e+00 -1.635881510582029241e+00 -3.784217070745148348e+00
0.000000000000000000e+00 -1.290245616495188319e+00 -3.313306617388371400e+00
0.000000000000000000e+00 -2.587097860557994178e+00 -2.454218124904514742e+00
0.000000000000000000e+00 -2.583070451919601496e+00 9.940100613114961625e-01
0.000000000000000000e+00 -1.012708482511117669e+00 -1.941057370894822887e+00
0.000000000000000000e+00 -2.207426845761086831e+00 -2.349450506970445662e+00
0.000000000000000000e+00 -3.871521758606959907e+00 -1.977499084479415581e+00
0.000000000000000000e+00 -3.000218433639450399e+00 -1.000918601538069996e-01
0.000000000000000000e+00 -3.109812756255700528e+00 -2.230249428955496160e+00
0.000000000000000000e+00 -3.189309673674558532e+00 -2.036421693327457927e+00
0.000000000000000000e+00 -2.465953212977141096e+00 -2.218377500330113605e+00
0.000000000000000000e+00 -2.207883997030762657e+00 -1.420969755647476962e+00
0.000000000000000000e+00 -1.358321352483569111e+00 -3.534338740694960901e+00
0.000000000000000000e+00 -3.161888838589769879e+00 -1.071698655976478953e+00
0.000000000000000000e+00 -1.118006964685117399e+00 -3.373464030485628040e+00
0.000000000000000000e+00 -1.558113257534039731e+00 -6.505191091260795755e-01
0.000000000000000000e+00 -2.737685687780527566e+00 -1.448370964678114658e+00
0.000000000000000000e+00 -1.305703841767174467e+00 -2.535347711046072483e+00
0.000000000000000000e+00 -2.829162845731407749e+00 -2.164203843129133720e+00
0.000000000000000000e+00 -1.944935313662501386e+00 -2.584800292628675944e+00
0.000000000000000000e+00 -1.587111405864414682e+00 -2.671919522166119609e+00
0.000000000000000000e+00 -2.065126390934594713e+00 -2.181237455707884187e+00
0.000000000000000000e+00 -9.547925663235248273e-01 -1.224012372456045661e+00
0.000000000000000000e+00 -3.259317313539458638e+00 -2.306250712654599688e+00
0.000000000000000000e+00 -1.085047936490739939e+00 -2.548177573936156293e+00
0.000000000000000000e+00 -3.272343078046939802e+00 -1.466153826898365153e+00
